,NCELL
0,4125
1,4126
2,4127
3,4128
4,4129
5,4130
6,4131
7,4132
8,4133
9,4134
10,4135
11,4136
12,4137
13,4138
14,4139
15,4140
16,4141
17,4142
18,4143
19,4144
20,4145
21,4146
22,4147
23,4148
24,4149
25,4150
26,4151
27,4152
28,4153
29,4154
30,4155
31,4156
32,4157
33,4158
34,4159
35,4160
36,4161
37,4162
38,4163
39,4164
40,4165
41,4166
42,4167
43,4168
44,4169
45,4170
46,4171
47,4172
48,4173
49,4174
50,4175
51,4176
52,4177
53,4178
54,4179
55,4180
56,4181
57,4182
58,4183
59,4184
60,4185
61,4186
62,4187
63,4188
64,4189
65,4190
66,4191
67,4192
68,4193
69,4194
70,4195
71,4196
72,4197
73,4198
74,4199
75,4200
76,4201
77,4202
78,4203
79,4204
80,4205
81,4206
82,4207
83,4208
84,4209
85,4210
86,4211
87,4212
88,4213
89,4214
90,4215
91,4216
92,4217
93,4218
94,4219
95,4220
96,4221
97,4222
98,4223
99,4224
100,4225
101,4226
102,4227
103,4228
104,4229
105,4230
106,4231
107,4232
108,4233
109,4234
110,4235
111,4236
112,4237
113,4238
114,4239
115,4240
116,4241
117,4242
118,4243
119,4244
120,4245
121,4246
122,4247
123,4248
124,4249
125,4250
126,4251
127,4252
128,4253
129,4254
130,4255
131,4256
132,4257
133,4258
134,4259
135,4260
136,4261
137,4262
138,4263
139,4264
140,4265
141,4266
142,4267
143,4268
144,4269
145,4270
146,4271
147,4272
148,4273
149,4274
150,4275
151,4276
152,4277
153,4278
154,4279
155,4280
156,4281
157,4282
158,4283
159,4284
160,4285
161,4286
162,4287
163,4288
164,4289
165,4290
166,4291
167,4292
168,4293
169,4294
170,4295
171,4296
172,4297
173,4298
174,4299
175,4300
176,4301
177,4302
178,4303
179,4304
180,4305
181,4306
182,4307
183,4308
184,4309
185,4310
186,4311
187,4312
188,4313
189,4314
190,4315
191,4316
192,4317
193,4318
194,4319
195,4320
196,4321
197,4322
198,4323
199,4324
200,4325
201,4326
202,4327
203,4328
204,4329
205,4330
206,4331
207,4332
208,4333
209,4334
210,4335
211,4336
212,4337
213,4338
214,4339
215,4340
216,4341
217,4342
218,4343
219,4344
220,4345
221,4346
222,4347
223,4348
224,4349
225,4350
226,4351
227,4352
228,4353
229,4354
230,4355
231,4356
232,4357
233,4358
234,4359
235,4360
236,4361
237,4362
238,4363
239,4364
240,4365
241,4366
242,4367
243,4368
244,4369
245,4370
246,4371
247,4372
248,4373
249,4374
250,4375
251,4376
252,4377
253,4378
254,4379
255,4380
256,4381
257,4382
258,4383
259,4384
260,4385
261,4386
262,4387
263,4388
264,4389
265,4390
266,4391
267,4392
268,4393
269,4394
270,4395
271,4396
272,4397
273,4398
274,4399
275,4400
276,4401
277,4402
278,4403
279,4404
280,4405
281,4406
282,4407
283,4408
284,4409
285,4410
286,4411
287,4412
288,4413
289,4414
290,4415
291,4416
292,4417
293,4418
294,4419
295,4420
296,4421
297,4422
298,4423
299,4424
300,4425
301,4426
302,4427
303,4428
304,4429
305,4430
306,4431
307,4432
308,4433
309,4434
310,4435
311,4436
312,4437
313,4438
314,4439
315,4440
316,4441
317,4442
318,4443
319,4444
320,4445
321,4446
322,4447
323,4448
324,4449
325,4450
326,4451
327,4452
328,4453
329,4454
330,4455
331,4456
332,4457
333,4458
334,4459
335,4460
336,4461
337,4462
338,4463
339,4464
340,4465
341,4466
342,4467
343,4468
344,4469
345,4470
346,4471
347,4472
348,4473
349,4474
350,4475
351,4476
352,4477
353,4478
354,4479
355,4480
356,4481
357,4482
358,4483
359,4484
360,4485
361,4486
362,4487
363,4488
364,4489
365,4490
366,4491
367,4492
368,4493
369,4494
370,4495
371,4496
372,4497
373,4498
374,4499
375,4500
376,4501
377,4502
378,4503
379,4504
380,4505
381,4506
382,4507
383,4508
384,4509
385,4510
386,4511
387,4512
388,4513
389,4514
390,4515
391,4516
392,4517
393,4518
394,4519
395,4520
396,4521
397,4522
398,4523
399,4524
400,4525
401,4526
402,4527
403,4528
404,4529
405,4530
406,4531
407,4532
408,4533
409,4534
410,4535
411,4536
412,4537
413,4538
414,4539
415,4540
416,4541
417,4542
418,4543
419,4544
420,4545
421,4546
422,4547
423,4548
424,4549
425,4550
426,4551
427,4552
428,4553
429,4554
430,4555
431,4556
432,4557
433,4558
434,4559
435,4560
436,4561
437,4562
438,4563
439,4564
440,4565
441,4566
442,4567
443,4568
444,4569
445,4570
446,4571
447,4572
448,4573
449,4574
450,4575
451,4576
452,4577
453,4578
454,4579
455,4580
456,4581
457,4582
458,4583
459,4584
460,4585
461,4586
462,4587
463,4588
464,4589
465,4590
466,4591
467,4592
468,4593
469,4594
470,4595
471,4596
472,4597
473,4598
474,4599
475,4600
476,4601
477,4602
478,4603
479,4604
480,4605
481,4606
482,4607
483,4608
484,4609
485,4610
486,4611
487,4612
488,4613
489,4614
490,4615
491,4616
492,4617
493,4618
494,4619
495,4620
496,4621
497,4622
498,4623
499,4624
500,4625
501,4626
502,4627
503,4628
504,4629
505,4630
506,4631
507,4632
508,4633
509,4634
510,4635
511,4636
512,4637
513,4638
514,4639
515,4640
516,4641
517,4642
518,4643
519,4644
520,4645
521,4646
522,4647
523,4648
524,4649
525,4650
526,4651
527,4652
528,4653
529,4654
530,4655
531,4656
532,4657
533,4658
534,4659
535,4660
536,4661
537,4662
538,4663
539,4664
540,4665
541,4666
542,4667
543,4668
544,4669
545,4670
546,4671
547,4672
548,4673
549,4674
550,4675
551,4676
552,4677
553,4678
554,4679
555,4680
556,4681
557,4682
558,4683
559,4684
560,4685
561,4686
562,4687
563,4688
564,4689
565,4690
566,4691
567,4692
568,4693
569,4694
570,4695
571,4696
572,4697
573,4698
574,4699
575,4700
576,4701
577,4702
578,4703
579,4704
580,4705
581,4706
582,4707
583,4708
584,4709
585,4710
586,4711
587,4712
588,4713
589,4714
590,4715
591,4716
592,4717
593,4718
594,4719
595,4720
596,4721
597,4722
598,4723
599,4724
600,4725
601,4726
602,4727
603,4728
604,4729
605,4730
606,4731
607,4732
608,4733
609,4734
610,4735
611,4736
612,4737
613,4738
614,4739
615,4740
616,4741
617,4742
618,4743
619,4744
620,4745
621,4746
622,4747
623,4748
624,4749
625,4750
626,4751
627,4752
628,4753
629,4754
630,4755
631,4756
632,4757
633,4758
634,4759
635,4760
636,4761
637,4762
638,4763
639,4764
640,4765
641,4766
642,4767
643,4768
644,4769
645,4770
646,4771
647,4772
648,4773
649,4774
650,4775
651,4776
652,4777
653,4778
654,4779
655,4780
656,4781
657,4782
658,4783
659,4784
660,4785
661,4786
662,4787
663,4788
664,4789
665,4790
666,4791
667,4792
668,4793
669,4794
670,4795
671,4796
672,4797
673,4798
674,4799
675,4800
676,4801
677,4802
678,4803
679,4804
680,4805
681,4806
682,4807
683,4808
684,4809
685,4810
686,4811
687,4812
688,4813
689,4814
690,4815
691,4816
692,4817
693,4818
694,4819
695,4820
696,4821
697,4822
698,4823
699,4824
700,4825
701,4826
702,4827
703,4828
704,4829
705,4830
706,4831
707,4832
708,4833
709,4834
710,4835
711,4836
712,4837
713,4838
714,4839
715,4840
716,4841
717,4842
718,4843
719,4844
720,4845
721,4846
722,4847
723,4848
724,4849
725,4850
726,4851
727,4852
728,4853
729,4854
730,4855
731,4856
732,4857
733,4858
734,4859
735,4860
736,4861
737,4862
738,4863
739,4864
740,4865
741,4866
742,4867
743,4868
744,4869
745,4870
746,4871
747,4872
748,4873
749,4874
750,4875
751,4876
752,4877
753,4878
754,4879
755,4880
756,4881
757,4882
758,4883
759,4884
760,4885
761,4886
762,4887
763,4888
764,4889
765,4890
766,4891
767,4892
768,4893
769,4894
770,4895
771,4896
772,4897
773,4898
774,4899
775,4900
776,4901
777,4902
778,4903
779,4904
780,4905
781,4906
782,4907
783,4908
784,4909
785,4910
786,4911
787,4912
788,4913
789,4914
790,4915
791,4916
792,4917
793,4918
794,4919
795,4920
796,4921
797,4922
798,4923
799,4924
800,4925
801,4926
802,4927
803,4928
804,4929
805,4930
806,4931
807,4932
808,4933
809,4934
810,4935
811,4936
812,4937
813,4938
814,4939
815,4940
816,4941
817,4942
818,4943
819,4944
820,4945
821,4946
822,4947
823,4948
824,4949
825,4950
826,4951
827,4952
828,4953
829,4954
830,4955
831,4956
832,4957
833,4958
834,4959
835,4960
836,4961
837,4962
838,4963
839,4964
840,4965
841,4966
842,4967
843,4968
844,4969
845,4970
846,4971
847,4972
848,4973
849,4974
850,4975
851,4976
852,4977
853,4978
854,4979
855,4980
856,4981
857,4982
858,4983
859,4984
860,4985
861,4986
862,4987
863,4988
864,4989
865,4990
866,4991
867,4992
868,4993
869,4994
870,4995
871,4996
872,4997
873,4998
874,4999
875,5000
876,5001
877,5002
878,5003
879,5004
880,5005
881,5006
882,5007
883,5008
884,5009
885,5010
886,5011
887,5012
888,5013
889,5014
890,5015
891,5016
892,5017
893,5018
894,5019
895,5020
896,5021
897,5022
898,5023
899,5024
900,5025
901,5026
902,5027
903,5028
904,5029
905,5030
906,5031
907,5032
908,5033
909,5034
910,5035
911,5036
912,5037
913,5038
914,5039
915,5040
916,5041
917,5042
918,5043
919,5044
920,5045
921,5046
922,5047
923,5048
924,5049
925,5050
926,5051
927,5052
928,5053
929,5054
930,5055
931,5056
932,5057
933,5058
934,5059
935,5060
936,5061
937,5062
938,5063
939,5064
940,5065
941,5066
942,5067
943,5068
944,5069
945,5070
946,5071
947,5072
948,5073
949,5074
950,5075
951,5076
952,5077
953,5078
954,5079
955,5080
956,5081
957,5082
958,5083
959,5084
960,5085
961,5086
962,5087
963,5088
964,5089
965,5090
966,5091
967,5092
968,5093
969,5094
970,5095
971,5096
972,5097
973,5098
974,5099
975,5100
976,5101
977,5102
978,5103
979,5104
980,5105
981,5106
982,5107
983,5108
984,5109
985,5110
986,5111
987,5112
988,5113
989,5114
990,5115
991,5116
992,5117
993,5118
994,5119
995,5120
996,5121
997,5122
998,5123
999,5124
1000,5125
1001,5126
1002,5127
1003,5128
1004,5129
1005,5130
1006,5131
1007,5132
1008,5133
1009,5134
1010,5135
1011,5136
1012,5137
1013,5138
1014,5139
1015,5140
1016,5141
1017,5142
1018,5143
1019,5144
1020,5145
1021,5146
1022,5147
1023,5148
1024,5149
1025,5150
1026,5151
1027,5152
1028,5153
1029,5154
1030,5155
1031,5156
1032,5157
1033,5158
1034,5159
1035,5160
1036,5161
1037,5162
1038,5163
1039,5164
1040,5165
1041,5166
1042,5167
1043,5168
1044,5169
1045,5170
1046,5171
1047,5172
1048,5173
1049,5174
1050,5175
1051,5176
1052,5177
1053,5178
1054,5179
1055,5180
1056,5181
1057,5182
1058,5183
1059,5184
1060,5185
1061,5186
1062,5187
1063,5188
1064,5189
1065,5190
1066,5191
1067,5192
1068,5193
1069,5194
1070,5195
1071,5196
1072,5197
1073,5198
1074,5199
1075,5200
1076,5201
1077,5202
1078,5203
1079,5204
1080,5205
1081,5206
1082,5207
1083,5208
1084,5209
1085,5210
1086,5211
1087,5212
1088,5213
1089,5214
1090,5215
1091,5216
1092,5217
1093,5218
1094,5219
1095,5220
1096,5221
1097,5222
1098,5223
1099,5224
1100,5225
1101,5226
1102,5227
1103,5228
1104,5229
1105,5230
1106,5231
1107,5232
1108,5233
1109,5234
1110,5235
1111,5236
1112,5237
1113,5238
1114,5239
1115,5240
1116,5241
1117,5242
1118,5243
1119,5244
1120,5245
1121,5246
1122,5247
1123,5248
1124,5249
1125,5250
1126,5251
1127,5252
1128,5253
1129,5254
1130,5255
1131,5256
1132,5257
1133,5258
1134,5259
1135,5260
1136,5261
1137,5262
1138,5263
1139,5264
1140,5265
1141,5266
1142,5267
1143,5268
1144,5269
1145,5270
1146,5271
1147,5272
1148,5273
1149,5274
1150,5275
1151,5276
1152,5277
1153,5278
1154,5279
1155,5280
1156,5281
1157,5282
1158,5283
1159,5284
1160,5285
1161,5286
1162,5287
1163,5288
1164,5289
1165,5290
1166,5291
1167,5292
1168,5293
1169,5294
1170,5295
1171,5296
1172,5297
1173,5298
1174,5299
1175,5300
1176,5301
1177,5302
1178,5303
1179,5304
1180,5305
1181,5306
1182,5307
1183,5308
1184,5309
1185,5310
1186,5311
1187,5312
1188,5313
1189,5314
1190,5315
1191,5316
1192,5317
1193,5318
1194,5319
1195,5320
1196,5321
1197,5322
1198,5323
1199,5324
1200,5325
1201,5326
1202,5327
1203,5328
1204,5329
1205,5330
1206,5331
1207,5332
1208,5333
1209,5334
1210,5335
1211,5336
1212,5337
1213,5338
1214,5339
1215,5340
1216,5341
1217,5342
1218,5343
1219,5344
1220,5345
1221,5346
1222,5347
1223,5348
1224,5349
1225,5350
1226,5351
1227,5352
1228,5353
1229,5354
1230,5355
1231,5356
1232,5357
1233,5358
1234,5359
1235,5360
1236,5361
1237,5362
1238,5363
1239,5364
1240,5365
1241,5366
1242,5367
1243,5368
1244,5369
1245,5370
1246,5371
1247,5372
1248,5373
1249,5374
1250,5375
1251,5376
1252,5377
1253,5378
1254,5379
1255,5380
1256,5381
1257,5382
1258,5383
1259,5384
1260,5385
1261,5386
1262,5387
1263,5388
1264,5389
1265,5390
1266,5391
1267,5392
1268,5393
1269,5394
1270,5395
1271,5396
1272,5397
1273,5398
1274,5399
1275,5400
1276,5401
1277,5402
1278,5403
1279,5404
1280,5405
1281,5406
1282,5407
1283,5408
1284,5409
1285,5410
1286,5411
1287,5412
1288,5413
1289,5414
1290,5415
1291,5416
1292,5417
1293,5418
1294,5419
1295,5420
1296,5421
1297,5422
1298,5423
1299,5424
1300,5425
1301,5426
1302,5427
1303,5428
1304,5429
1305,5430
1306,5431
1307,5432
1308,5433
1309,5434
1310,5435
1311,5436
1312,5437
1313,5438
1314,5439
1315,5440
1316,5441
1317,5442
1318,5443
1319,5444
1320,5445
1321,5446
1322,5447
1323,5448
1324,5449
1325,5450
1326,5451
1327,5452
1328,5453
1329,5454
1330,5455
1331,5456
1332,5457
1333,5458
1334,5459
1335,5460
1336,5461
1337,5462
1338,5463
1339,5464
1340,5465
1341,5466
1342,5467
1343,5468
1344,5469
1345,5470
1346,5471
1347,5472
1348,5473
1349,5474
1350,5475
1351,5476
1352,5477
1353,5478
1354,5479
1355,5480
1356,5481
1357,5482
1358,5483
1359,5484
1360,5485
1361,5486
1362,5487
1363,5488
1364,5489
1365,5490
1366,5491
1367,5492
1368,5493
1369,5494
1370,5495
1371,5496
1372,5497
1373,5498
1374,5499
1375,5500
1376,5501
1377,5502
1378,5503
1379,5504
1380,5505
1381,5506
1382,5507
1383,5508
1384,5509
1385,5510
1386,5511
1387,5512
1388,5513
1389,5514
1390,5515
1391,5516
1392,5517
1393,5518
1394,5519
1395,5520
1396,5521
1397,5522
1398,5523
1399,5524
1400,5525
1401,5526
1402,5527
1403,5528
1404,5529
1405,5530
1406,5531
1407,5532
1408,5533
1409,5534
1410,5535
1411,5536
1412,5537
1413,5538
1414,5539
1415,5540
1416,5541
1417,5542
1418,5543
1419,5544
1420,5545
1421,5546
1422,5547
1423,5548
1424,5549
1425,5550
1426,5551
1427,5552
1428,5553
1429,5554
1430,5555
1431,5556
1432,5557
1433,5558
1434,5559
1435,5560
1436,5561
1437,5562
1438,5563
1439,5564
1440,5565
1441,5566
1442,5567
1443,5568
1444,5569
1445,5570
1446,5571
1447,5572
1448,5573
1449,5574
1450,5575
1451,5576
1452,5577
1453,5578
1454,5579
1455,5580
1456,5581
1457,5582
1458,5583
1459,5584
1460,5585
1461,5586
1462,5587
1463,5588
1464,5589
1465,5590
1466,5591
1467,5592
1468,5593
1469,5594
1470,5595
1471,5596
1472,5597
1473,5598
1474,5599
1475,5600
1476,5601
1477,5602
1478,5603
1479,5604
1480,5605
1481,5606
1482,5607
1483,5608
1484,5609
1485,5610
1486,5611
1487,5612
1488,5613
1489,5614
1490,5615
1491,5616
1492,5617
1493,5618
1494,5619
1495,5620
1496,5621
1497,5622
1498,5623
1499,5624
1500,5625
1501,5626
1502,5627
1503,5628
1504,5629
1505,5630
1506,5631
1507,5632
1508,5633
1509,5634
1510,5635
1511,5636
1512,5637
1513,5638
1514,5639
1515,5640
1516,5641
1517,5642
1518,5643
1519,5644
1520,5645
1521,5646
1522,5647
1523,5648
1524,5649
1525,5650
1526,5651
1527,5652
1528,5653
1529,5654
1530,5655
1531,5656
1532,5657
1533,5658
1534,5659
1535,5660
1536,5661
1537,5662
1538,5663
1539,5664
1540,5665
1541,5666
1542,5667
1543,5668
1544,5669
1545,5670
1546,5671
1547,5672
1548,5673
1549,5674
1550,5675
1551,5676
1552,5677
1553,5678
1554,5679
1555,5680
1556,5681
1557,5682
1558,5683
1559,5684
1560,5685
1561,5686
1562,5687
1563,5688
1564,5689
1565,5690
1566,5691
1567,5692
1568,5693
1569,5694
1570,5695
1571,5696
1572,5697
1573,5698
1574,5699
1575,5700
1576,5701
1577,5702
1578,5703
1579,5704
1580,5705
1581,5706
1582,5707
1583,5708
1584,5709
1585,5710
1586,5711
1587,5712
1588,5713
1589,5714
1590,5715
1591,5716
1592,5717
1593,5718
1594,5719
1595,5720
1596,5721
1597,5722
1598,5723
1599,5724
1600,5725
1601,5726
1602,5727
1603,5728
1604,5729
1605,5730
1606,5731
1607,5732
1608,5733
1609,5734
1610,5735
1611,5736
1612,5737
1613,5738
1614,5739
1615,5740
1616,5741
1617,5742
1618,5743
1619,5744
1620,5745
1621,5746
1622,5747
1623,5748
1624,5749
1625,5750
1626,5751
1627,5752
1628,5753
1629,5754
1630,5755
1631,5756
1632,5757
1633,5758
1634,5759
1635,5760
1636,5761
1637,5762
1638,5763
1639,5764
1640,5765
1641,5766
1642,5767
1643,5768
1644,5769
1645,5770
1646,5771
1647,5772
1648,5773
1649,5774
1650,5775
1651,5776
1652,5777
1653,5778
1654,5779
1655,5780
1656,5781
1657,5782
1658,5783
1659,5784
1660,5785
1661,5786
1662,5787
1663,5788
1664,5789
1665,5790
1666,5791
1667,5792
1668,5793
1669,5794
1670,5795
1671,5796
1672,5797
1673,5798
1674,5799
1675,5800
1676,5801
1677,5802
1678,5803
1679,5804
1680,5805
1681,5806
1682,5807
1683,5808
1684,5809
1685,5810
1686,5811
1687,5812
1688,5813
1689,5814
1690,5815
1691,5816
1692,5817
1693,5818
1694,5819
1695,5820
1696,5821
1697,5822
1698,5823
1699,5824
1700,5825
1701,5826
1702,5827
1703,5828
1704,5829
1705,5830
1706,5831
1707,5832
1708,5833
1709,5834
1710,5835
1711,5836
1712,5837
1713,5838
1714,5839
1715,5840
1716,5841
1717,5842
1718,5843
1719,5844
1720,5845
1721,5846
1722,5847
1723,5848
1724,5849
1725,5850
1726,5851
1727,5852
1728,5853
1729,5854
1730,5855
1731,5856
1732,5857
1733,5858
1734,5859
1735,5860
1736,5861
1737,5862
1738,5863
1739,5864
1740,5865
1741,5866
1742,5867
1743,5868
1744,5869
1745,5870
1746,5871
1747,5872
1748,5873
1749,5874
1750,5875
1751,5876
1752,5877
1753,5878
1754,5879
1755,5880
1756,5881
1757,5882
1758,5883
1759,5884
1760,5885
1761,5886
1762,5887
1763,5888
1764,5889
1765,5890
1766,5891
1767,5892
1768,5893
1769,5894
1770,5895
1771,5896
1772,5897
1773,5898
1774,5899
1775,5900
1776,5901
1777,5902
1778,5903
1779,5904
1780,5905
1781,5906
1782,5907
1783,5908
1784,5909
1785,5910
1786,5911
1787,5912
1788,5913
1789,5914
1790,5915
1791,5916
1792,5917
1793,5918
1794,5919
1795,5920
1796,5921
1797,5922
1798,5923
1799,5924
1800,5925
1801,5926
1802,5927
1803,5928
1804,5929
1805,5930
1806,5931
1807,5932
1808,5933
1809,5934
1810,5935
1811,5936
1812,5937
1813,5938
1814,5939
1815,5940
1816,5941
1817,5942
1818,5943
1819,5944
1820,5945
1821,5946
1822,5947
1823,5948
1824,5949
1825,5950
1826,5951
1827,5952
1828,5953
1829,5954
1830,5955
1831,5956
1832,5957
1833,5958
1834,5959
1835,5960
1836,5961
1837,5962
1838,5963
1839,5964
1840,5965
1841,5966
1842,5967
1843,5968
1844,5969
1845,5970
1846,5971
1847,5972
1848,5973
1849,5974
1850,5975
1851,5976
1852,5977
1853,5978
1854,5979
1855,5980
1856,5981
1857,5982
1858,5983
1859,5984
1860,5985
1861,5986
1862,5987
1863,5988
1864,5989
1865,5990
1866,5991
1867,5992
1868,5993
1869,5994
1870,5995
1871,5996
1872,5997
1873,5998
1874,5999
1875,6000
1876,6001
1877,6002
1878,6003
1879,6004
1880,6005
1881,6006
1882,6007
1883,6008
1884,6009
1885,6010
1886,6011
1887,6012
1888,6013
1889,6014
1890,6015
1891,6016
1892,6017
1893,6018
1894,6019
1895,6020
1896,6021
1897,6022
1898,6023
1899,6024
1900,6025
1901,6026
1902,6027
1903,6028
1904,6029
1905,6030
1906,6031
1907,6032
1908,6033
1909,6034
1910,6035
1911,6036
1912,6037
1913,6038
1914,6039
1915,6040
1916,6041
1917,6042
1918,6043
1919,6044
1920,6045
1921,6046
1922,6047
1923,6048
1924,6049
1925,6050
1926,6051
1927,6052
1928,6053
1929,6054
1930,6055
1931,6056
1932,6057
1933,6058
1934,6059
1935,6060
1936,6061
1937,6062
1938,6063
1939,6064
1940,6065
1941,6066
1942,6067
1943,6068
1944,6069
1945,6070
1946,6071
1947,6072
1948,6073
1949,6074
1950,6075
1951,6076
1952,6077
1953,6078
1954,6079
1955,6080
1956,6081
1957,6082
1958,6083
1959,6084
1960,6085
1961,6086
1962,6087
1963,6088
1964,6089
1965,6090
1966,6091
1967,6092
1968,6093
1969,6094
1970,6095
1971,6096
1972,6097
1973,6098
1974,6099
1975,6100
1976,6101
1977,6102
1978,6103
1979,6104
1980,6105
1981,6106
1982,6107
1983,6108
1984,6109
1985,6110
1986,6111
1987,6112
1988,6113
1989,6114
1990,6115
1991,6116
1992,6117
1993,6118
1994,6119
1995,6120
1996,6121
1997,6122
1998,6123
1999,6124
2000,6125
2001,6126
2002,6127
2003,6128
2004,6129
2005,6130
2006,6131
2007,6132
2008,6133
2009,6134
2010,6135
2011,6136
2012,6137
2013,6138
2014,6139
2015,6140
2016,6141
2017,6142
2018,6143
2019,6144
2020,6145
2021,6146
2022,6147
2023,6148
2024,6149
2025,6150
2026,6151
2027,6152
2028,6153
2029,6154
2030,6155
2031,6156
2032,6157
2033,6158
2034,6159
2035,6160
2036,6161
2037,6162
2038,6163
2039,6164
2040,6165
2041,6166
2042,6167
2043,6168
2044,6169
2045,6170
2046,6171
2047,6172
2048,6173
2049,6174
2050,6175
2051,6176
2052,6177
2053,6178
2054,6179
2055,6180
2056,6181
2057,6182
2058,6183
2059,6184
2060,6185
2061,6186
2062,6187
2063,6188
2064,6189
2065,6190
2066,6191
2067,6192
2068,6193
2069,6194
2070,6195
2071,6196
2072,6197
2073,6198
2074,6199
2075,6200
2076,6201
2077,6202
2078,6203
2079,6204
2080,6205
2081,6206
2082,6207
2083,6208
2084,6209
2085,6210
2086,6211
2087,6212
2088,6213
2089,6214
2090,6215
2091,6216
2092,6217
2093,6218
2094,6219
2095,6220
2096,6221
2097,6222
2098,6223
2099,6224
2100,6225
2101,6226
2102,6227
2103,6228
2104,6229
2105,6230
2106,6231
2107,6232
2108,6233
2109,6234
2110,6235
2111,6236
2112,6237
2113,6238
2114,6239
2115,6240
2116,6241
2117,6242
2118,6243
2119,6244
2120,6245
2121,6246
2122,6247
2123,6248
2124,6249
2125,6250
2126,6251
2127,6252
2128,6253
2129,6254
2130,6255
2131,6256
2132,6257
2133,6258
2134,6259
2135,6260
2136,6261
2137,6262
2138,6263
2139,6264
2140,6265
2141,6266
2142,6267
2143,6268
2144,6269
2145,6270
2146,6271
2147,6272
2148,6273
2149,6274
2150,6275
2151,6276
2152,6277
2153,6278
2154,6279
2155,6280
2156,6281
2157,6282
2158,6283
2159,6284
2160,6285
2161,6286
2162,6287
2163,6288
2164,6289
2165,6290
2166,6291
2167,6292
2168,6293
2169,6294
2170,6295
2171,6296
2172,6297
2173,6298
2174,6299
2175,6300
2176,6301
2177,6302
2178,6303
2179,6304
2180,6305
2181,6306
2182,6307
2183,6308
2184,6309
2185,6310
2186,6311
2187,6312
2188,6313
2189,6314
2190,6315
2191,6316
2192,6317
2193,6318
2194,6319
2195,6320
2196,6321
2197,6322
2198,6323
2199,6324
2200,6325
2201,6326
2202,6327
2203,6328
2204,6329
2205,6330
2206,6331
2207,6332
2208,6333
2209,6334
2210,6335
2211,6336
2212,6337
2213,6338
2214,6339
2215,6340
2216,6341
2217,6342
2218,6343
2219,6344
2220,6345
2221,6346
2222,6347
2223,6348
2224,6349
2225,6350
2226,6351
2227,6352
2228,6353
2229,6354
2230,6355
2231,6356
2232,6357
2233,6358
2234,6359
2235,6360
2236,6361
2237,6362
2238,6363
2239,6364
2240,6365
2241,6366
2242,6367
2243,6368
2244,6369
2245,6370
2246,6371
2247,6372
2248,6373
2249,6374
2250,6375
2251,6376
2252,6377
2253,6378
2254,6379
2255,6380
2256,6381
2257,6382
2258,6383
2259,6384
2260,6385
2261,6386
2262,6387
2263,6388
2264,6389
2265,6390
2266,6391
2267,6392
2268,6393
2269,6394
2270,6395
2271,6396
2272,6397
2273,6398
2274,6399
2275,6400
2276,6401
2277,6402
2278,6403
2279,6404
2280,6405
2281,6406
2282,6407
2283,6408
2284,6409
2285,6410
2286,6411
2287,6412
2288,6413
2289,6414
2290,6415
2291,6416
2292,6417
2293,6418
2294,6419
2295,6420
2296,6421
2297,6422
2298,6423
2299,6424
2300,6425
2301,6426
2302,6427
2303,6428
2304,6429
2305,6430
2306,6431
2307,6432
2308,6433
2309,6434
2310,6435
2311,6436
2312,6437
2313,6438
2314,6439
2315,6440
2316,6441
2317,6442
2318,6443
2319,6444
2320,6445
2321,6446
2322,6447
2323,6448
2324,6449
2325,6450
2326,6451
2327,6452
2328,6453
2329,6454
2330,6455
2331,6456
2332,6457
2333,6458
2334,6459
2335,6460
2336,6461
2337,6462
2338,6463
2339,6464
2340,6465
2341,6466
2342,6467
2343,6468
2344,6469
2345,6470
2346,6471
2347,6472
2348,6473
2349,6474
2350,6475
2351,6476
2352,6477
2353,6478
2354,6479
2355,6480
2356,6481
2357,6482
2358,6483
2359,6484
2360,6485
2361,6486
2362,6487
2363,6488
2364,6489
2365,6490
2366,6491
2367,6492
2368,6493
2369,6494
2370,6495
2371,6496
2372,6497
2373,6498
2374,6499
2375,6500
2376,6501
2377,6502
2378,6503
2379,6504
2380,6505
2381,6506
2382,6507
2383,6508
2384,6509
2385,6510
2386,6511
2387,6512
2388,6513
2389,6514
2390,6515
2391,6516
2392,6517
2393,6518
2394,6519
2395,6520
2396,6521
2397,6522
2398,6523
2399,6524
2400,6525
2401,6526
2402,6527
2403,6528
2404,6529
2405,6530
2406,6531
2407,6532
2408,6533
2409,6534
2410,6535
2411,6536
2412,6537
2413,6538
2414,6539
2415,6540
2416,6541
2417,6542
2418,6543
2419,6544
2420,6545
2421,6546
2422,6547
2423,6548
2424,6549
2425,6550
2426,6551
2427,6552
2428,6553
2429,6554
2430,6555
2431,6556
2432,6557
2433,6558
2434,6559
2435,6560
2436,6561
2437,6562
2438,6563
2439,6564
2440,6565
2441,6566
2442,6567
2443,6568
2444,6569
2445,6570
2446,6571
2447,6572
2448,6573
2449,6574
2450,6575
2451,6576
2452,6577
2453,6578
2454,6579
2455,6580
2456,6581
2457,6582
2458,6583
2459,6584
2460,6585
2461,6586
2462,6587
2463,6588
2464,6589
2465,6590
2466,6591
2467,6592
2468,6593
2469,6594
2470,6595
2471,6596
2472,6597
2473,6598
2474,6599
2475,6600
2476,6601
2477,6602
2478,6603
2479,6604
2480,6605
2481,6606
2482,6607
2483,6608
2484,6609
2485,6610
2486,6611
2487,6612
2488,6613
2489,6614
2490,6615
2491,6616
2492,6617
2493,6618
2494,6619
2495,6620
2496,6621
2497,6622
2498,6623
2499,6624
2500,6625
2501,6626
2502,6627
2503,6628
2504,6629
2505,6630
2506,6631
2507,6632
2508,6633
2509,6634
2510,6635
2511,6636
2512,6637
2513,6638
2514,6639
2515,6640
2516,6641
2517,6642
2518,6643
2519,6644
2520,6645
2521,6646
2522,6647
2523,6648
2524,6649
2525,6650
2526,6651
2527,6652
2528,6653
2529,6654
2530,6655
2531,6656
2532,6657
2533,6658
2534,6659
2535,6660
2536,6661
2537,6662
2538,6663
2539,6664
2540,6665
2541,6666
2542,6667
2543,6668
2544,6669
2545,6670
2546,6671
2547,6672
2548,6673
2549,6674
2550,6675
2551,6676
2552,6677
2553,6678
2554,6679
2555,6680
2556,6681
2557,6682
2558,6683
2559,6684
2560,6685
2561,6686
2562,6687
2563,6688
2564,6689
2565,6690
2566,6691
2567,6692
2568,6693
2569,6694
2570,6695
2571,6696
2572,6697
2573,6698
2574,6699
2575,6700
2576,6701
2577,6702
2578,6703
2579,6704
2580,6705
2581,6706
2582,6707
2583,6708
2584,6709
2585,6710
2586,6711
2587,6712
2588,6713
2589,6714
2590,6715
2591,6716
2592,6717
2593,6718
2594,6719
2595,6720
2596,6721
2597,6722
2598,6723
2599,6724
2600,6725
2601,6726
2602,6727
2603,6728
2604,6729
2605,6730
2606,6731
2607,6732
2608,6733
2609,6734
2610,6735
2611,6736
2612,6737
2613,6738
2614,6739
2615,6740
2616,6741
2617,6742
2618,6743
2619,6744
2620,6745
2621,6746
2622,6747
2623,6748
2624,6749
2625,6750
2626,6751
2627,6752
2628,6753
2629,6754
2630,6755
2631,6756
2632,6757
2633,6758
2634,6759
2635,6760
2636,6761
2637,6762
2638,6763
2639,6764
2640,6765
2641,6766
2642,6767
2643,6768
2644,6769
2645,6770
2646,6771
2647,6772
2648,6773
2649,6774
2650,6775
2651,6776
2652,6777
2653,6778
2654,6779
2655,6780
2656,6781
2657,6782
2658,6783
2659,6784
2660,6785
2661,6786
2662,6787
2663,6788
2664,6789
2665,6790
2666,6791
2667,6792
2668,6793
2669,6794
2670,6795
2671,6796
2672,6797
2673,6798
2674,6799
2675,6800
2676,6801
2677,6802
2678,6803
2679,6804
2680,6805
2681,6806
2682,6807
2683,6808
2684,6809
2685,6810
2686,6811
2687,6812
2688,6813
2689,6814
2690,6815
2691,6816
2692,6817
2693,6818
2694,6819
2695,6820
2696,6821
2697,6822
2698,6823
2699,6824
2700,6825
2701,6826
2702,6827
2703,6828
2704,6829
2705,6830
2706,6831
2707,6832
2708,6833
2709,6834
2710,6835
2711,6836
2712,6837
2713,6838
2714,6839
2715,6840
2716,6841
2717,6842
2718,6843
2719,6844
2720,6845
2721,6846
2722,6847
2723,6848
2724,6849
2725,6850
2726,6851
2727,6852
2728,6853
2729,6854
2730,6855
2731,6856
2732,6857
2733,6858
2734,6859
2735,6860
2736,6861
2737,6862
2738,6863
2739,6864
2740,6865
2741,6866
2742,6867
2743,6868
2744,6869
2745,6870
2746,6871
2747,6872
2748,6873
2749,6874
2750,6875
2751,6876
2752,6877
2753,6878
2754,6879
2755,6880
2756,6881
2757,6882
2758,6883
2759,6884
2760,6885
2761,6886
2762,6887
2763,6888
2764,6889
2765,6890
2766,6891
2767,6892
2768,6893
2769,6894
2770,6895
2771,6896
2772,6897
2773,6898
2774,6899
2775,6900
2776,6901
2777,6902
2778,6903
2779,6904
2780,6905
2781,6906
2782,6907
2783,6908
2784,6909
2785,6910
2786,6911
2787,6912
2788,6913
2789,6914
2790,6915
2791,6916
2792,6917
2793,6918
2794,6919
2795,6920
2796,6921
2797,6922
2798,6923
2799,6924
2800,6925
2801,6926
2802,6927
2803,6928
2804,6929
2805,6930
2806,6931
2807,6932
2808,6933
2809,6934
2810,6935
2811,6936
2812,6937
2813,6938
2814,6939
2815,6940
2816,6941
2817,6942
2818,6943
2819,6944
2820,6945
2821,6946
2822,6947
2823,6948
2824,6949
2825,6950
2826,6951
2827,6952
2828,6953
2829,6954
2830,6955
2831,6956
2832,6957
2833,6958
2834,6959
2835,6960
2836,6961
2837,6962
2838,6963
2839,6964
2840,6965
2841,6966
2842,6967
2843,6968
2844,6969
2845,6970
2846,6971
2847,6972
2848,6973
2849,6974
2850,6975
2851,6976
2852,6977
2853,6978
2854,6979
2855,6980
2856,6981
2857,6982
2858,6983
2859,6984
2860,6985
2861,6986
2862,6987
2863,6988
2864,6989
2865,6990
2866,6991
2867,6992
2868,6993
2869,6994
2870,6995
2871,6996
2872,6997
2873,6998
2874,6999
2875,7000
2876,7001
2877,7002
2878,7003
2879,7004
2880,7005
2881,7006
2882,7007
2883,7008
2884,7009
2885,7010
2886,7011
2887,7012
2888,7013
2889,7014
2890,7015
2891,7016
2892,7017
2893,7018
2894,7019
2895,7020
2896,7021
2897,7022
2898,7023
2899,7024
2900,7025
2901,7026
2902,7027
2903,7028
2904,7029
2905,7030
2906,7031
2907,7032
2908,7033
2909,7034
2910,7035
2911,7036
2912,7037
2913,7038
2914,7039
2915,7040
2916,7041
2917,7042
2918,7043
2919,7044
2920,7045
2921,7046
2922,7047
2923,7048
2924,7049
2925,7050
2926,7051
2927,7052
2928,7053
2929,7054
2930,7055
2931,7056
2932,7057
2933,7058
2934,7059
2935,7060
2936,7061
2937,7062
2938,7063
2939,7064
2940,7065
2941,7066
2942,7067
2943,7068
2944,7069
2945,7070
2946,7071
2947,7072
2948,7073
2949,7074
2950,7075
2951,7076
2952,7077
2953,7078
2954,7079
2955,7080
2956,7081
2957,7082
2958,7083
2959,7084
2960,7085
2961,7086
2962,7087
2963,7088
2964,7089
2965,7090
2966,7091
2967,7092
2968,7093
2969,7094
2970,7095
2971,7096
2972,7097
2973,7098
2974,7099
2975,7100
2976,7101
2977,7102
2978,7103
2979,7104
2980,7105
2981,7106
2982,7107
2983,7108
2984,7109
2985,7110
2986,7111
2987,7112
2988,7113
2989,7114
2990,7115
2991,7116
2992,7117
2993,7118
2994,7119
2995,7120
2996,7121
2997,7122
2998,7123
2999,7124
3000,7125
3001,7126
3002,7127
3003,7128
3004,7129
3005,7130
3006,7131
3007,7132
3008,7133
3009,7134
3010,7135
3011,7136
3012,7137
3013,7138
3014,7139
3015,7140
3016,7141
3017,7142
3018,7143
3019,7144
3020,7145
3021,7146
3022,7147
3023,7148
3024,7149
3025,7150
3026,7151
3027,7152
3028,7153
3029,7154
3030,7155
3031,7156
3032,7157
3033,7158
3034,7159
3035,7160
3036,7161
3037,7162
3038,7163
3039,7164
3040,7165
3041,7166
3042,7167
3043,7168
3044,7169
3045,7170
3046,7171
3047,7172
3048,7173
3049,7174
3050,7175
3051,7176
3052,7177
3053,7178
3054,7179
3055,7180
3056,7181
3057,7182
3058,7183
3059,7184
3060,7185
3061,7186
3062,7187
3063,7188
3064,7189
3065,7190
3066,7191
3067,7192
3068,7193
3069,7194
3070,7195
3071,7196
3072,7197
3073,7198
3074,7199
3075,7200
3076,7201
3077,7202
3078,7203
3079,7204
3080,7205
3081,7206
3082,7207
3083,7208
3084,7209
3085,7210
3086,7211
3087,7212
3088,7213
3089,7214
3090,7215
3091,7216
3092,7217
3093,7218
3094,7219
3095,7220
3096,7221
3097,7222
3098,7223
3099,7224
3100,7225
3101,7226
3102,7227
3103,7228
3104,7229
3105,7230
3106,7231
3107,7232
3108,7233
3109,7234
3110,7235
3111,7236
3112,7237
3113,7238
3114,7239
3115,7240
3116,7241
3117,7242
3118,7243
3119,7244
3120,7245
3121,7246
3122,7247
3123,7248
3124,7249
3125,7250
3126,7251
3127,7252
3128,7253
3129,7254
3130,7255
3131,7256
3132,7257
3133,7258
3134,7259
3135,7260
3136,7261
3137,7262
3138,7263
3139,7264
3140,7265
3141,7266
3142,7267
3143,7268
3144,7269
3145,7270
3146,7271
3147,7272
3148,7273
3149,7274
3150,7275
3151,7276
3152,7277
3153,7278
3154,7279
3155,7280
3156,7281
3157,7282
3158,7283
3159,7284
3160,7285
3161,7286
3162,7287
3163,7288
3164,7289
3165,7290
3166,7291
3167,7292
3168,7293
3169,7294
3170,7295
3171,7296
3172,7297
3173,7298
3174,7299
3175,7300
3176,7301
3177,7302
3178,7303
3179,7304
3180,7305
3181,7306
3182,7307
3183,7308
3184,7309
3185,7310
3186,7311
3187,7312
3188,7313
3189,7314
3190,7315
3191,7316
3192,7317
3193,7318
3194,7319
3195,7320
3196,7321
3197,7322
3198,7323
3199,7324
3200,7325
3201,7326
3202,7327
3203,7328
3204,7329
3205,7330
3206,7331
3207,7332
3208,7333
3209,7334
3210,7335
3211,7336
3212,7337
3213,7338
3214,7339
3215,7340
3216,7341
3217,7342
3218,7343
3219,7344
3220,7345
3221,7346
3222,7347
3223,7348
3224,7349
3225,7350
3226,7351
3227,7352
3228,7353
3229,7354
3230,7355
3231,7356
3232,7357
3233,7358
3234,7359
3235,7360
3236,7361
3237,7362
3238,7363
3239,7364
3240,7365
3241,7366
3242,7367
3243,7368
3244,7369
3245,7370
3246,7371
3247,7372
3248,7373
3249,7374
3250,7375
3251,7376
3252,7377
3253,7378
3254,7379
3255,7380
3256,7381
3257,7382
3258,7383
3259,7384
3260,7385
3261,7386
3262,7387
3263,7388
3264,7389
3265,7390
3266,7391
3267,7392
3268,7393
3269,7394
3270,7395
3271,7396
3272,7397
3273,7398
3274,7399
3275,7400
3276,7401
3277,7402
3278,7403
3279,7404
3280,7405
3281,7406
3282,7407
3283,7408
3284,7409
3285,7410
3286,7411
3287,7412
3288,7413
3289,7414
3290,7415
3291,7416
3292,7417
3293,7418
3294,7419
3295,7420
3296,7421
3297,7422
3298,7423
3299,7424
3300,7425
3301,7426
3302,7427
3303,7428
3304,7429
3305,7430
3306,7431
3307,7432
3308,7433
3309,7434
3310,7435
3311,7436
3312,7437
3313,7438
3314,7439
3315,7440
3316,7441
3317,7442
3318,7443
3319,7444
3320,7445
3321,7446
3322,7447
3323,7448
3324,7449
3325,7450
3326,7451
3327,7452
3328,7453
3329,7454
3330,7455
3331,7456
3332,7457
3333,7458
3334,7459
3335,7460
3336,7461
3337,7462
3338,7463
3339,7464
3340,7465
3341,7466
3342,7467
3343,7468
3344,7469
3345,7470
3346,7471
3347,7472
3348,7473
3349,7474
3350,7475
3351,7476
3352,7477
3353,7478
3354,7479
3355,7480
3356,7481
3357,7482
3358,7483
3359,7484
3360,7485
3361,7486
3362,7487
3363,7488
3364,7489
3365,7490
3366,7491
3367,7492
3368,7493
3369,7494
3370,7495
3371,7496
3372,7497
3373,7498
3374,7499
3375,7500
3376,7501
3377,7502
3378,7503
3379,7504
3380,7505
3381,7506
3382,7507
3383,7508
3384,7509
3385,7510
3386,7511
3387,7512
3388,7513
3389,7514
3390,7515
3391,7516
3392,7517
3393,7518
3394,7519
3395,7520
3396,7521
3397,7522
3398,7523
3399,7524
3400,7525
3401,7526
3402,7527
3403,7528
3404,7529
3405,7530
3406,7531
3407,7532
3408,7533
3409,7534
3410,7535
3411,7536
3412,7537
3413,7538
3414,7539
3415,7540
3416,7541
3417,7542
3418,7543
3419,7544
3420,7545
3421,7546
3422,7547
3423,7548
3424,7549
3425,7550
3426,7551
3427,7552
3428,7553
3429,7554
3430,7555
3431,7556
3432,7557
3433,7558
3434,7559
3435,7560
3436,7561
3437,7562
3438,7563
3439,7564
3440,7565
3441,7566
3442,7567
3443,7568
3444,7569
3445,7570
3446,7571
3447,7572
3448,7573
3449,7574
3450,7575
3451,7576
3452,7577
3453,7578
3454,7579
3455,7580
3456,7581
3457,7582
3458,7583
3459,7584
3460,7585
3461,7586
3462,7587
3463,7588
3464,7589
3465,7590
3466,7591
3467,7592
3468,7593
3469,7594
3470,7595
3471,7596
3472,7597
3473,7598
3474,7599
3475,7600
3476,7601
3477,7602
3478,7603
3479,7604
3480,7605
3481,7606
3482,7607
3483,7608
3484,7609
3485,7610
3486,7611
3487,7612
3488,7613
3489,7614
3490,7615
3491,7616
3492,7617
3493,7618
3494,7619
3495,7620
3496,7621
3497,7622
3498,7623
3499,7624
3500,7625
3501,7626
3502,7627
3503,7628
3504,7629
3505,7630
3506,7631
3507,7632
3508,7633
3509,7634
3510,7635
3511,7636
3512,7637
3513,7638
3514,7639
3515,7640
3516,7641
3517,7642
3518,7643
3519,7644
3520,7645
3521,7646
3522,7647
3523,7648
3524,7649
3525,7650
3526,7651
3527,7652
3528,7653
3529,7654
3530,7655
3531,7656
3532,7657
3533,7658
3534,7659
3535,7660
3536,7661
3537,7662
3538,7663
3539,7664
3540,7665
3541,7666
3542,7667
3543,7668
3544,7669
3545,7670
3546,7671
3547,7672
3548,7673
3549,7674
3550,7675
3551,7676
3552,7677
3553,7678
3554,7679
3555,7680
3556,7681
3557,7682
3558,7683
3559,7684
3560,7685
3561,7686
3562,7687
3563,7688
3564,7689
3565,7690
3566,7691
3567,7692
3568,7693
3569,7694
3570,7695
3571,7696
3572,7697
3573,7698
3574,7699
3575,7700
3576,7701
3577,7702
3578,7703
3579,7704
3580,7705
3581,7706
3582,7707
3583,7708
3584,7709
3585,7710
3586,7711
3587,7712
3588,7713
3589,7714
3590,7715
3591,7716
3592,7717
3593,7718
3594,7719
3595,7720
3596,7721
3597,7722
3598,7723
3599,7724
3600,7725
3601,7726
3602,7727
3603,7728
3604,7729
3605,7730
3606,7731
3607,7732
3608,7733
3609,7734
3610,7735
3611,7736
3612,7737
3613,7738
3614,7739
3615,7740
3616,7741
3617,7742
3618,7743
3619,7744
3620,7745
3621,7746
3622,7747
3623,7748
3624,7749
3625,7750
3626,7751
3627,7752
3628,7753
3629,7754
3630,7755
3631,7756
3632,7757
3633,7758
3634,7759
3635,7760
3636,7761
3637,7762
3638,7763
3639,7764
3640,7765
3641,7766
3642,7767
3643,7768
3644,7769
3645,7770
3646,7771
3647,7772
3648,7773
3649,7774
3650,7775
3651,7776
3652,7777
3653,7778
3654,7779
3655,7780
3656,7781
3657,7782
3658,7783
3659,7784
3660,7785
3661,7786
3662,7787
3663,7788
3664,7789
3665,7790
3666,7791
3667,7792
3668,7793
3669,7794
3670,7795
3671,7796
3672,7797
3673,7798
3674,7799
3675,7800
3676,7801
3677,7802
3678,7803
3679,7804
3680,7805
3681,7806
3682,7807
3683,7808
3684,7809
3685,7810
3686,7811
3687,7812
3688,7813
3689,7814
3690,7815
3691,7816
3692,7817
3693,7818
3694,7819
3695,7820
3696,7821
3697,7822
3698,7823
3699,7824
3700,7825
3701,7826
3702,7827
3703,7828
3704,7829
3705,7830
3706,7831
3707,7832
3708,7833
3709,7834
3710,7835
3711,7836
3712,7837
3713,7838
3714,7839
3715,7840
3716,7841
3717,7842
3718,7843
3719,7844
3720,7845
3721,7846
3722,7847
3723,7848
3724,7849
3725,7850
3726,7851
3727,7852
3728,7853
3729,7854
3730,7855
3731,7856
3732,7857
3733,7858
3734,7859
3735,7860
3736,7861
3737,7862
3738,7863
3739,7864
3740,7865
3741,7866
3742,7867
3743,7868
3744,7869
3745,7870
3746,7871
3747,7872
3748,7873
3749,7874
3750,7875
3751,7876
3752,7877
3753,7878
3754,7879
3755,7880
3756,7881
3757,7882
3758,7883
3759,7884
3760,7885
3761,7886
3762,7887
3763,7888
3764,7889
3765,7890
3766,7891
3767,7892
3768,7893
3769,7894
3770,7895
3771,7896
3772,7897
3773,7898
3774,7899
3775,7900
3776,7901
3777,7902
3778,7903
3779,7904
3780,7905
3781,7906
3782,7907
3783,7908
3784,7909
3785,7910
3786,7911
3787,7912
3788,7913
3789,7914
3790,7915
3791,7916
3792,7917
3793,7918
3794,7919
3795,7920
3796,7921
3797,7922
3798,7923
3799,7924
3800,7925
3801,7926
3802,7927
3803,7928
3804,7929
3805,7930
3806,7931
3807,7932
3808,7933
3809,7934
3810,7935
3811,7936
3812,7937
3813,7938
3814,7939
3815,7940
3816,7941
3817,7942
3818,7943
3819,7944
3820,7945
3821,7946
3822,7947
3823,7948
3824,7949
3825,7950
3826,7951
3827,7952
3828,7953
3829,7954
3830,7955
3831,7956
3832,7957
3833,7958
3834,7959
3835,7960
3836,7961
3837,7962
3838,7963
3839,7964
3840,7965
3841,7966
3842,7967
3843,7968
3844,7969
3845,7970
3846,7971
3847,7972
3848,7973
3849,7974
3850,7975
3851,7976
3852,7977
3853,7978
3854,7979
3855,7980
3856,7981
3857,7982
3858,7983
3859,7984
3860,7985
3861,7986
3862,7987
3863,7988
3864,7989
3865,7990
3866,7991
3867,7992
3868,7993
3869,7994
3870,7995
3871,7996
3872,7997
3873,7998
3874,7999
3875,8000
3876,8001
3877,8002
3878,8003
3879,8004
3880,8005
3881,8006
3882,8007
3883,8008
3884,8009
3885,8010
3886,8011
3887,8012
3888,8013
3889,8014
3890,8015
3891,8016
3892,8017
3893,8018
3894,8019
3895,8020
3896,8021
3897,8022
3898,8023
3899,8024
3900,8025
3901,8026
3902,8027
3903,8028
3904,8029
3905,8030
3906,8031
3907,8032
3908,8033
3909,8034
3910,8035
3911,8036
3912,8037
3913,8038
3914,8039
3915,8040
3916,8041
3917,8042
3918,8043
3919,8044
3920,8045
3921,8046
3922,8047
3923,8048
3924,8049
3925,8050
3926,8051
3927,8052
3928,8053
3929,8054
3930,8055
3931,8056
3932,8057
3933,8058
3934,8059
3935,8060
3936,8061
3937,8062
3938,8063
3939,8064
3940,8065
3941,8066
3942,8067
3943,8068
3944,8069
3945,8070
3946,8071
3947,8072
3948,8073
3949,8074
3950,8075
3951,8076
3952,8077
3953,8078
3954,8079
3955,8080
3956,8081
3957,8082
3958,8083
3959,8084
3960,8085
3961,8086
3962,8087
3963,8088
3964,8089
3965,8090
3966,8091
3967,8092
3968,8093
3969,8094
3970,8095
3971,8096
3972,8097
3973,8098
3974,8099
3975,8100
3976,8101
3977,8102
3978,8103
3979,8104
3980,8105
3981,8106
3982,8107
3983,8108
3984,8109
3985,8110
3986,8111
3987,8112
3988,8113
3989,8114
3990,8115
3991,8116
3992,8117
3993,8118
3994,8119
3995,8120
3996,8121
3997,8122
3998,8123
3999,8124
4000,8125
4001,8126
4002,8127
4003,8128
4004,8129
4005,8130
4006,8131
4007,8132
4008,8133
4009,8134
4010,8135
4011,8136
4012,8137
4013,8138
4014,8139
4015,8140
4016,8141
4017,8142
4018,8143
4019,8144
4020,8145
4021,8146
4022,8147
4023,8148
4024,8149
4025,8150
4026,8151
4027,8152
4028,8153
4029,8154
4030,8155
4031,8156
4032,8157
4033,8158
4034,8159
4035,8160
4036,8161
4037,8162
4038,8163
4039,8164
4040,8165
4041,8166
4042,8167
4043,8168
4044,8169
4045,8170
4046,8171
4047,8172
4048,8173
4049,8174
4050,8175
4051,8176
4052,8177
4053,8178
4054,8179
4055,8180
4056,8181
4057,8182
4058,8183
4059,8184
4060,8185
4061,8186
4062,8187
4063,8188
4064,8189
4065,8190
4066,8191
4067,8192
4068,8193
4069,8194
4070,8195
4071,8196
4072,8197
4073,8198
4074,8199
4075,8200
4076,8201
4077,8202
4078,8203
4079,8204
4080,8205
4081,8206
4082,8207
4083,8208
4084,8209
4085,8210
4086,8211
4087,8212
4088,8213
4089,8214
4090,8215
4091,8216
4092,8217
4093,8218
4094,8219
4095,8220
4096,8221
4097,8222
4098,8223
4099,8224
4100,8225
4101,8226
4102,8227
4103,8228
4104,8229
4105,8230
4106,8231
4107,8232
4108,8233
4109,8234
4110,8235
4111,8236
4112,8237
4113,8238
4114,8239
4115,8240
4116,8241
4117,8242
4118,8243
4119,8244
4120,8245
4121,8246
4122,8247
4123,8248
4124,8249
